age <- c(Total = "B01001_001E",
Male = "B01001_002E",
M_18_19 = "B01001_007E",
M_20 = "B01001_008E",
M_21 = "B01001_009E",
M_22_24 = "B01001_010E",
M_25_29 = "B01001_011E",
M_30_34 = "B01001_012E",
M_35_39 = "B01001_013E",
M_40_44 = "B01001_014E",
M_45_49 = "B01001_015E",
M_50_54 = "B01001_016E",
M_55_59 = "B01001_017E",
M_60_61 = "B01001_018E",
M_62_64 = "B01001_019E",
M_65_66 = "B01001_020E",
M_67_69 = "B01001_021E",
M_70_74 = "B01001_022E",
M_75_79 = "B01001_023E",
M_80_84 = "B01001_024E",
M_85_over = "B01001_025E",
Female = "B01001_026E",
F_18_19 = "B01001_031E",
F_20 = "B01001_032E",
F_21 = "B01001_033E",
F_22_24 = "B01001_034E",
F_25_29 = "B01001_035E",
F_30_34 = "B01001_036E",
F_35_39 = "B01001_037E",
F_40_44 = "B01001_038E",
F_45_49 = "B01001_039E",
F_50_54 = "B01001_040E",
F_55_59 = "B01001_041E",
F_60_61 = "B01001_042E",
F_62_64 = "B01001_043E",
F_65_66 = "B01001_044E",
F_67_69 = "B01001_045E",
F_70_74 = "B01001_046E",
F_75_79 = "B01001_047E",
F_80_84 = "B01001_048E",
F_85_over = "B01001_049E",
Wh_Total = "B01001A_001E",
Wh_Male = "B01001A_002E",
Wh_M_18_19 = "B01001A_007E",
Wh_M_20_24 = "B01001A_008E",
Wh_M_25_29 = "B01001A_009E",
Wh_M_30_34 = "B01001A_010E",
Wh_M_35_44 = "B01001A_011E",
Wh_M_45_54 = "B01001A_012E",
Wh_M_55_64 = "B01001A_013E",
Wh_M_65_74 = "B01001A_014E",
Wh_M_75_84 = "B01001A_015E",
Wh_M_85_over = "B01001A_016E",
Wh_Female = "B01001A_017E",
Wh_F_18_19 = "B01001A_022E",
Wh_F_20_24 = "B01001A_023E",
Wh_F_25_29 = "B01001A_024E",
Wh_F_30_34 = "B01001A_025E",
Wh_F_35_44 = "B01001A_026E",
Wh_F_45_54 = "B01001A_027E",
Wh_F_55_64 = "B01001A_028E",
Wh_F_65_74 = "B01001A_029E",
Wh_F_75_84 = "B01001A_030E",
Wh_F_85_over = "B01001A_031E",
Bl_Total = "B01001B_001E",
Bl_Male = "B01001B_002E",
Bl_M_18_19 = "B01001B_007E",
Bl_M_20_24 = "B01001B_008E",
Bl_M_25_29 = "B01001B_009E",
Bl_M_30_34 = "B01001B_010E",
Bl_M_35_44 = "B01001B_011E",
Bl_M_45_54 = "B01001B_012E",
Bl_M_55_64 = "B01001B_013E",
Bl_M_65_74 = "B01001B_014E",
Bl_M_75_84 = "B01001B_015E",
Bl_M_85_over = "B01001B_016E",
Bl_Female = "B01001B_017E",
Bl_F_18_19 = "B01001B_022E",
Bl_F_20_24 = "B01001B_023E",
Bl_F_25_29 = "B01001B_024E",
Bl_F_30_34 = "B01001B_025E",
Bl_F_35_44 = "B01001B_026E",
Bl_F_45_54 = "B01001B_027E",
Bl_F_55_64 = "B01001B_028E",
Bl_F_65_74 = "B01001B_029E",
Bl_F_75_84 = "B01001B_030E",
Bl_F_85_over = "B01001B_031E",
AIAN_Total = "B01001C_001E",
AIAN_Male = "B01001C_002E",
AIAN_M_18_19 = "B01001C_007E",
AIAN_M_20_24 = "B01001C_008E",
AIAN_M_25_29 = "B01001C_009E",
AIAN_M_30_34 = "B01001C_010E",
AIAN_M_35_44 = "B01001C_011E",
AIAN_M_45_54 = "B01001C_012E",
AIAN_M_55_64 = "B01001C_013E",
AIAN_M_65_74 = "B01001C_014E",
AIAN_M_75_84 = "B01001C_015E",
AIAN_M_85_over = "B01001C_016E",
AIAN_Female = "B01001C_017E",
AIAN_F_18_19 = "B01001C_022E",
AIAN_F_20_24 = "B01001C_023E",
AIAN_F_25_29 = "B01001C_024E",
AIAN_F_30_34 = "B01001C_025E",
AIAN_F_35_44 = "B01001C_026E",
AIAN_F_45_54 = "B01001C_027E",
AIAN_F_55_64 = "B01001C_028E",
AIAN_F_65_74 = "B01001C_029E",
AIAN_F_75_84 = "B01001C_030E",
AIAN_F_85_over = "B01001C_031E",
Asi_Total = "B01001D_001E",
Asi_Male = "B01001D_002E",
Asi_M_18_19 = "B01001D_007E",
Asi_M_20_24 = "B01001D_008E",
Asi_M_25_29 = "B01001D_009E",
Asi_M_30_34 = "B01001D_010E",
Asi_M_35_44 = "B01001D_011E",
Asi_M_45_54 = "B01001D_012E",
Asi_M_55_64 = "B01001D_013E",
Asi_M_65_74 = "B01001D_014E",
Asi_M_75_84 = "B01001D_015E",
Asi_M_85_over = "B01001D_016E",
Asi_Female = "B01001D_017E",
Asi_F_18_19 = "B01001D_022E",
Asi_F_20_24 = "B01001D_023E",
Asi_F_25_29 = "B01001D_024E",
Asi_F_30_34 = "B01001D_025E",
Asi_F_35_44 = "B01001D_026E",
Asi_F_45_54 = "B01001D_027E",
Asi_F_55_64 = "B01001D_028E",
Asi_F_65_74 = "B01001D_029E",
Asi_F_75_84 = "B01001D_030E",
Asi_F_85_over = "B01001D_031E",
NHPI_Total = "B01001E_001E",
NHPI_Male = "B01001E_002E",
NHPI_M_18_19 = "B01001E_007E",
NHPI_M_20_24 = "B01001E_008E",
NHPI_M_25_29 = "B01001E_009E",
NHPI_M_30_34 = "B01001E_010E",
NHPI_M_35_44 = "B01001E_011E",
NHPI_M_45_54 = "B01001E_012E",
NHPI_M_55_64 = "B01001E_013E",
NHPI_M_65_74 = "B01001E_014E",
NHPI_M_75_84 = "B01001E_015E",
NHPI_M_85_over = "B01001E_016E",
NHPI_Female = "B01001E_017E",
NHPI_F_18_19 = "B01001E_022E",
NHPI_F_20_24 = "B01001E_023E",
NHPI_F_25_29 = "B01001E_024E",
NHPI_F_30_34 = "B01001E_025E",
NHPI_F_35_44 = "B01001E_026E",
NHPI_F_45_54 = "B01001E_027E",
NHPI_F_55_64 = "B01001E_028E",
NHPI_F_65_74 = "B01001E_029E",
NHPI_F_75_84 = "B01001E_030E",
NHPI_F_85_over = "B01001E_031E",
Oth_Total = "B01001F_001E",
Oth_Male = "B01001F_002E",
Oth_M_18_19 = "B01001F_007E",
Oth_M_20_24 = "B01001F_008E",
Oth_M_25_29 = "B01001F_009E",
Oth_M_30_34 = "B01001F_010E",
Oth_M_35_44 = "B01001F_011E",
Oth_M_45_54 = "B01001F_012E",
Oth_M_55_64 = "B01001F_013E",
Oth_M_65_74 = "B01001F_014E",
Oth_M_75_84 = "B01001F_015E",
Oth_M_85_over = "B01001F_016E",
Oth_Female = "B01001F_017E",
Oth_F_18_19 = "B01001F_022E",
Oth_F_20_24 = "B01001F_023E",
Oth_F_25_29 = "B01001F_024E",
Oth_F_30_34 = "B01001F_025E",
Oth_F_35_44 = "B01001F_026E",
Oth_F_45_54 = "B01001F_027E",
Oth_F_55_64 = "B01001F_028E",
Oth_F_65_74 = "B01001F_029E",
Oth_F_75_84 = "B01001F_030E",
Oth_F_85_over = "B01001F_031E",
Two_Total = "B01001G_001E",
Two_Male = "B01001G_002E",
Two_M_18_19 = "B01001G_007E",
Two_M_20_24 = "B01001G_008E",
Two_M_25_29 = "B01001G_009E",
Two_M_30_34 = "B01001G_010E",
Two_M_35_44 = "B01001G_011E",
Two_M_45_54 = "B01001G_012E",
Two_M_55_64 = "B01001G_013E",
Two_M_65_74 = "B01001G_014E",
Two_M_75_84 = "B01001G_015E",
Two_M_85_over = "B01001G_016E",
Two_Female = "B01001G_017E",
Two_F_18_19 = "B01001G_022E",
Two_F_20_24 = "B01001G_023E",
Two_F_25_29 = "B01001G_024E",
Two_F_30_34 = "B01001G_025E",
Two_F_35_44 = "B01001G_026E",
Two_F_45_54 = "B01001G_027E",
Two_F_55_64 = "B01001G_028E",
Two_F_65_74 = "B01001G_029E",
Two_F_75_84 = "B01001G_030E",
Two_F_85_over = "B01001G_031E",
Wh_Lat_Total = "B01001H_001E",
Wh_Lat_Male = "B01001H_002E",
Wh_Lat_M_18_19 = "B01001H_007E",
Wh_Lat_M_20_24 = "B01001H_008E",
Wh_Lat_M_25_29 = "B01001H_009E",
Wh_Lat_M_30_34 = "B01001H_010E",
Wh_Lat_M_35_44 = "B01001H_011E",
Wh_Lat_M_45_54 = "B01001H_012E",
Wh_Lat_M_55_64 = "B01001H_013E",
Wh_Lat_M_65_74 = "B01001H_014E",
Wh_Lat_M_75_84 = "B01001H_015E",
Wh_Lat_M_85_over = "B01001H_016E",
Wh_Lat_Female = "B01001H_017E",
Wh_Lat_F_18_19 = "B01001H_022E",
Wh_Lat_F_20_24 = "B01001H_023E",
Wh_Lat_F_25_29 = "B01001H_024E",
Wh_Lat_F_30_34 = "B01001H_025E",
Wh_Lat_F_35_44 = "B01001H_026E",
Wh_Lat_F_45_54 = "B01001H_027E",
Wh_Lat_F_55_64 = "B01001H_028E",
Wh_Lat_F_65_74 = "B01001H_029E",
Wh_Lat_F_75_84 = "B01001H_030E",
Wh_Lat_F_85_over = "B01001H_031E",
Lat_Total = "B01001I_001E",
Lat_Male = "B01001I_002E",
Lat_M_18_19 = "B01001I_007E",
Lat_M_20_24 = "B01001I_008E",
Lat_M_25_29 = "B01001I_009E",
Lat_M_30_34 = "B01001I_010E",
Lat_M_35_44 = "B01001I_011E",
Lat_M_45_54 = "B01001I_012E",
Lat_M_55_64 = "B01001I_013E",
Lat_M_65_74 = "B01001I_014E",
Lat_M_75_84 = "B01001I_015E",
Lat_M_85_over = "B01001I_016E",
Lat_Female = "B01001I_017E",
Lat_F_18_19 = "B01001I_022E",
Lat_F_20_24 = "B01001I_023E",
Lat_F_25_29 = "B01001I_024E",
Lat_F_30_34 = "B01001I_025E",
Lat_F_35_44 = "B01001I_026E",
Lat_F_45_54 = "B01001I_027E",
Lat_F_55_64 = "B01001I_028E",
Lat_F_65_74 = "B01001I_029E",
Lat_F_75_84 = "B01001I_030E",
Lat_F_85_over = "B01001I_031E")